4.197617238872763501e+00
3.863386878702598004e+00
4.035756127043187647e+00
4.094240246950840323e+00
3.584352451364340553e+00
3.999201799522748679e+00
4.232192911390042056e+00
4.198473778587075600e+00
4.028379640013765695e+00
3.927811988864139625e+00
4.285392640648437279e+00
3.979118760183864456e+00
4.209067327242913770e+00
4.259126254353131635e+00
3.828111787696923951e+00
4.043064323565377371e+00
3.932304726222617397e+00
3.961250393991734065e+00
4.044652191522447815e+00
3.976232978855018363e+00
3.735547953468697724e+00
4.154811478810720438e+00
3.568814464074003379e+00
3.938447858751181307e+00
4.133258473164264757e+00
3.875761708034401565e+00
3.650658389497194456e+00
4.164979184390759315e+00
4.099626307950616777e+00
3.638825022833967804e+00
3.626394269697129857e+00
3.802201190736376635e+00
4.312716660190483609e+00
3.796513110701009275e+00
4.101977768982785655e+00
4.055674753820347256e+00
4.246089541047201266e+00
3.879624034297370461e+00
4.232941912392770512e+00
4.179633460707814940e+00
3.778161090319344773e+00
4.228911265933005481e+00
3.911495489738259668e+00
3.941782951712856864e+00
4.010403419926167778e+00
3.771581244608806394e+00
4.186123700076896270e+00
3.803884561834971034e+00
3.985123374602519419e+00
4.255306888737446336e+00
4.132716742327764869e+00
3.810763309531327359e+00
3.733256313196930964e+00
4.005452806213506634e+00
4.143997066489326642e+00
4.115584736316162839e+00
4.032809632786689136e+00
3.998484920653237129e+00
4.112945423084254593e+00
4.072546207707281596e+00
4.363543166747697377e+00
4.338820884556096047e+00
3.748676408729015641e+00
4.235508693958377258e+00
4.030626342454830535e+00
3.589813499331631963e+00
4.278937353797479304e+00
3.909765341366875369e+00
4.195162721004645157e+00
4.233004776660471258e+00
3.596817510022254805e+00
4.339832938433035636e+00
4.079912283018527930e+00
3.947267640121225440e+00
3.528307152946524639e+00
3.904780377108988620e+00
4.073952079823135897e+00
4.116872717352321409e+00
3.911597140632393721e+00
4.030699415315309508e+00
4.304943520123853951e+00
3.961155376964595742e+00
3.880207755708671158e+00
3.847517361847234696e+00
4.175721704541030199e+00
3.866176960537540896e+00
4.030770853606866488e+00
4.154744951100744821e+00
3.756570115327070081e+00
4.096269595059610857e+00
4.042158973773459785e+00
4.309267522343704471e+00
4.175769927086487421e+00
3.998770324037929758e+00
4.157895701257096732e+00
4.168519822326676838e+00
3.987164621422848221e+00
3.638607564316348686e+00
3.716811347821988853e+00
4.173512670183520790e+00
4.014395200734908187e+00
4.099210064115190733e+00
4.113558632239581847e+00
3.911491024565893593e+00
4.447444207427076357e+00
4.225613953365837006e+00
3.977032133959853333e+00
4.111231275309146227e+00
3.789430966210130869e+00
4.029599118332120256e+00
3.910872076155060384e+00
4.045767990340885412e+00
4.082019501171545883e+00
4.199293001242059731e+00
3.834554358556638398e+00
4.253363231259259081e+00
3.838390126380203604e+00
3.969159249452452798e+00
4.137199261823147012e+00
4.214280486425424854e+00
3.997925560120384247e+00
4.476668984953253272e+00
3.970103996627035503e+00
3.769348513759533503e+00
4.175560243248312098e+00
3.683229374708756776e+00
3.899191881152724637e+00
4.160646533270634606e+00
3.895643623554506441e+00
4.025231951608811087e+00
3.797860030663400721e+00
3.835312774713340644e+00
3.970493741327818515e+00
3.961522432696457319e+00
4.244728564088260825e+00
4.042195633890684370e+00
3.880429031744253798e+00
3.968791541120270772e+00
4.109508511708604317e+00
4.108821921218217987e+00
3.979980961376077708e+00
3.744683527569900860e+00
3.840934875071842391e+00
3.883941223319947955e+00
3.986840741116572939e+00
4.056771997431590115e+00
3.941145408779688886e+00
4.180532463890423323e+00
4.257293156704934134e+00
4.248088746013078953e+00
3.953186907094650149e+00
3.903403899203313099e+00
4.286595022912469410e+00
3.975385611904172389e+00
4.080363129399553479e+00
3.864153909691542932e+00
3.698745853716994159e+00
3.932512068291786012e+00
3.869914450257171623e+00
3.954615627072025408e+00
3.388242634840004097e+00
4.001598695094423341e+00
4.097622700920083183e+00
4.164486032155131134e+00
4.431257590119338730e+00
3.938952218365181945e+00
4.009767092969054758e+00
4.020432746285483638e+00
3.678558508597089105e+00
3.940321234220220070e+00
3.704686585846417302e+00
4.040662588409756673e+00
4.226532705048981597e+00
3.633222038988173974e+00
3.759260560964678088e+00
4.120123916781520457e+00
3.728795160522978325e+00
3.989142817587817191e+00
4.092853949962372617e+00
4.195438825740538391e+00
4.090755385142583300e+00
4.193212067638244278e+00
3.873233984739570701e+00
4.132317148968251530e+00
4.029238551485633479e+00
4.171459720493418288e+00
3.960929158887932733e+00
4.001064722450799138e+00
3.774592255675798924e+00
3.834232968813862552e+00
3.949741276948940616e+00
3.719318785652137471e+00
4.119481333582684535e+00
3.752342079241065331e+00
4.289450990744810177e+00
4.048508781983265692e+00
3.688429197240209234e+00
4.109787670089140477e+00
4.191679527117975645e+00
4.383419376494936515e+00
3.878899921332417566e+00
3.621754917524380168e+00
3.790674194404195951e+00
3.721104586167426564e+00
4.297140375222746833e+00
4.262198725508922870e+00
3.648388770432834161e+00
4.155666697318592284e+00
3.825513166696875356e+00
3.928090703829854480e+00
4.055793835888859000e+00
4.077607580241249252e+00
4.287402318122908618e+00
3.704239289487347264e+00
4.155300598478095964e+00
4.129130918916957604e+00
4.306281355353668516e+00
4.112057381653442256e+00
4.192126087179147476e+00
4.184812637467451246e+00
3.534449635382812094e+00
4.330295035411070081e+00
4.173722243640600738e+00
4.261809613398932939e+00
3.881522824148842421e+00
4.113718096662399404e+00
4.284648123217762006e+00
3.987233106971274754e+00
4.125896938305498196e+00
4.222480743529238190e+00
4.259588885220053633e+00
4.097023328765894590e+00
3.986418301230912231e+00
4.050605810763468817e+00
3.970146568569755452e+00
3.989337210969087444e+00
3.879343031422784804e+00
3.759901869936820962e+00
4.359204025583665043e+00
4.005139971120855513e+00
3.767106468896174398e+00
4.000540438519891495e+00
4.039708930720861346e+00
3.863375298425405280e+00
4.111847466180299726e+00
3.631746320411885609e+00
3.973833204691563648e+00
4.105374091198212838e+00
4.166641873781174787e+00
4.017510083334698834e+00
4.336705713812069263e+00
4.054951292311233857e+00
4.060227364022138907e+00
4.172517652027577739e+00
3.905352433918789501e+00
3.804419393178534392e+00
4.035939933097046683e+00
3.770038389782842891e+00
4.069763424702729893e+00
3.951998558245255921e+00
3.590023515627604134e+00
3.919154438074237135e+00
4.028165801569551618e+00
3.955758116254022294e+00
3.931656121422239636e+00
3.985482372300767295e+00
3.806026305569435220e+00
4.043959174500018960e+00
3.711634969859217481e+00
4.314146159385739310e+00
4.178822929950415599e+00
4.115815162255359816e+00
4.235146401685699225e+00
4.060476024560333741e+00
3.757978825550104762e+00
3.882055044148094769e+00
4.030138885212442013e+00
3.713870203628196087e+00
3.766081955392461378e+00
4.187968709228043096e+00
3.678034137097294654e+00
3.623944191146935001e+00
4.141792931586375737e+00
4.345935548793514513e+00
3.992805525458300586e+00
4.028066457059017225e+00
3.631101702925189745e+00
3.919653180064856191e+00
3.994356989947540626e+00
3.953569173985537866e+00
3.836719625458020921e+00
4.492118319585952868e+00
3.716985706671237288e+00
4.267944690859928336e+00
3.905614069048035653e+00
4.326029266494787251e+00
4.040647871521633405e+00
4.128209815015494222e+00
3.912323983076161582e+00
3.808306526140114556e+00
4.201465636092275524e+00
4.262900646956067519e+00
4.076827040210595499e+00
3.577210644744346801e+00
3.675752026658602123e+00
3.875162582033092828e+00
3.977970528264485939e+00
3.639650417182826114e+00
3.924845162567175638e+00
3.663917437991672799e+00
4.147632905733381392e+00
3.958982903524276953e+00
4.046438158917935901e+00
3.556741163444603782e+00
4.188882217630210292e+00
4.561589432993449655e+00
3.692615632048876328e+00
3.996121352962438866e+00
4.042628359181315467e+00
4.268129545993263996e+00
4.244274170666844093e+00
4.063994220356057951e+00
4.412296300983777009e+00
3.968607353894616718e+00
4.043173289765179312e+00
4.082027704549859415e+00
3.878794410471066545e+00
3.839366909187681642e+00
3.942799266657378343e+00
4.172898550098171455e+00
4.432812077029470998e+00
3.847214429411864867e+00
3.792985441099415933e+00
4.017838827614611752e+00
4.329201591015259254e+00
3.746375194983642576e+00
3.625495066704881086e+00
4.030413594927088283e+00
3.920475213211770171e+00
4.171434903661891624e+00
4.101771786431243072e+00
4.027654848350500139e+00
3.973380006560706779e+00
3.971611286271855334e+00
4.177705829921047886e+00
3.739099351748648825e+00
3.929103088677197153e+00
4.097002591694757889e+00
3.997788668596920392e+00
4.027763534817320412e+00
3.830597609752538713e+00
4.264879758943918020e+00
4.214050572657777494e+00
3.948451443418787843e+00
3.879250787395652544e+00
3.532251634681131680e+00
4.093417314999331147e+00
4.146804385955194405e+00
4.056187202821546656e+00
4.374338627499037457e+00
4.272036614007180155e+00
4.317163415821878125e+00
3.785791725208365044e+00
4.066258761972854074e+00
3.590660536670262637e+00
3.983735164246223537e+00
4.140998315050481438e+00
3.925974109894790232e+00
3.934208347229176450e+00
3.949731030936289411e+00
3.643094980988990983e+00
3.891496920040665941e+00
4.032736010329200482e+00
4.273658523432125378e+00
3.798009159016379588e+00
3.975021889539036568e+00
3.731280931726550953e+00
4.115474594272783726e+00
3.756435405921568993e+00
3.689394699524807031e+00
3.780735253904462301e+00
4.030625973581592802e+00
3.513527489267986859e+00
4.165846748666299781e+00
4.016200093552143358e+00
4.144413867308503363e+00
4.173298003810865353e+00
3.952053957561419750e+00
3.757347536692113188e+00
4.062693529802095860e+00
3.753292919129642691e+00
3.831391806661151200e+00
3.927818709810361408e+00
3.909679576402849133e+00
4.016072718971032351e+00
3.886848971350812310e+00
4.085843379584154889e+00
4.061575641550374094e+00
4.232804547235569537e+00
4.233486514481946017e+00
4.046165089973329465e+00
3.586827066524018282e+00
3.702386243114115683e+00
4.208254937269234830e+00
3.332413918635827255e+00
4.109844204598776862e+00
3.964300360655461652e+00
4.084444717837840244e+00
4.027345676541602693e+00
4.105364178885018589e+00
4.103085603928699143e+00
3.917629678636883828e+00
4.188107886908104760e+00
3.960079192051944030e+00
3.902366945094110307e+00
3.446769434704822999e+00
4.408806129109302141e+00
3.945375499690045196e+00
3.785083776591464222e+00
3.804494371208609671e+00
3.810692361938853967e+00
3.891543802168844213e+00
4.057996924622519153e+00
4.235173218508824000e+00
3.998714486745127861e+00
3.898325813784290439e+00
3.710212084040767078e+00
4.063466269647396878e+00
3.897102228124864176e+00
4.162998869707032590e+00
4.363093258473424996e+00
4.036918207199983399e+00
3.989709875524207749e+00
3.909689451304105390e+00
3.937897317308663325e+00
3.920814350572742857e+00
3.995613100893522063e+00
4.300536867800491159e+00
4.207349471246065065e+00
4.053432225552065837e+00
4.082300002933249239e+00
3.838463581151362103e+00
3.811238667794540902e+00
4.114486921362837002e+00
4.113209906817611561e+00
4.198623939848753039e+00
3.738739034152225749e+00
4.205879740869541195e+00
4.306454675977325230e+00
4.222551778132683786e+00
4.046898846505673220e+00
4.097765130892756957e+00
4.161420503109848568e+00
4.105939641940670626e+00
4.205191254995693129e+00
4.118385779539912583e+00
3.817235132849571944e+00
3.971872308251453543e+00
3.606026356710382075e+00
4.333808235872910863e+00
3.998297798767532552e+00
4.132775048428915632e+00
4.197632222144007663e+00
4.555535131479616417e+00
4.139831963598351372e+00
3.895790130518551830e+00
4.232880477915904827e+00
3.999041856619057089e+00
3.742777758278009514e+00
3.860815372202204276e+00
3.891375979304394939e+00
4.307788905174838590e+00
4.208527322726830278e+00
3.739904071125997653e+00
4.415606788032968133e+00
4.028579253078933498e+00
4.023975815401330536e+00
3.790747121039044210e+00
3.989938574012777295e+00
4.012612209850728640e+00
4.123393634893544046e+00
3.983674817470117979e+00
3.976841506266744375e+00
3.982438578529772233e+00
4.134056640507543179e+00
4.102832334521671953e+00
3.920794070302846102e+00
3.963271240040131094e+00
3.853644289017596591e+00
3.975428385957495703e+00
3.988805871200053588e+00
4.060627670265646749e+00
4.060701841696649161e+00
4.319914009490937623e+00
4.205735778074087605e+00
3.496617754591333060e+00
4.321349830145472914e+00
4.319938131937079540e+00
3.763425773125850249e+00
4.212709096521469299e+00
3.864344087172795206e+00
3.895667381818223252e+00
4.264073345236092827e+00
4.435517413208155624e+00
4.454753155037190382e+00
4.058546948278311639e+00
3.971677190244341293e+00
3.971102135062902772e+00
3.886139034665442527e+00
4.119620185314053273e+00
4.097535057255181634e+00
3.870278586327138726e+00
3.697311824118858503e+00
4.275192077824751635e+00
4.190614464689456753e+00
4.092001943684977050e+00
4.243742350385802276e+00
3.991211130859670497e+00
4.014981598160932919e+00
4.176305393489779583e+00
4.187245704597923890e+00
4.276117473642674582e+00
3.968510141256517354e+00
3.968211566854686456e+00
3.737508115541020803e+00
4.179895403459374492e+00
3.975425561546216624e+00
3.958516975350109934e+00
3.457217922949183730e+00
4.037524675266185525e+00
4.090959314459026608e+00
3.859646732531596847e+00
3.958957146266272709e+00
3.869360434602581389e+00
3.984231504859981676e+00
4.282076606916513484e+00
4.045015132730002350e+00
3.824432752788524237e+00
4.068195111212094872e+00
3.745131627887346326e+00
3.871054590614262381e+00
3.993839193550649647e+00
4.017560730843092287e+00
3.715188217052410202e+00
3.774583715810544415e+00
4.004410162533078577e+00
4.269196004692091151e+00
3.840715321265430582e+00
4.238777574142164717e+00
3.716218120553165694e+00
3.802592599586067212e+00
3.967917375455049633e+00
3.669852244619594916e+00
4.075470991660200326e+00
3.892985052357416098e+00
3.608066046978703589e+00
3.712340286126653233e+00
4.096626854697825060e+00
4.108713641956491358e+00
4.100888657295794104e+00
4.161427142217086761e+00
3.607056415615337741e+00
3.880302395313086183e+00
3.921554997203283932e+00
4.256751912794437764e+00
4.256724611926461677e+00
3.642483494682804857e+00
3.868879774617305589e+00
3.908823079105824494e+00
4.213406327986373157e+00
4.234561013858573197e+00
4.128956641886955659e+00
3.811881994231473669e+00
4.084272469290189278e+00
3.937739677145459805e+00
3.757640829101188018e+00
4.012872076809628652e+00
3.941752372920749092e+00
4.020800770843033334e+00
4.091674920568972418e+00
3.819036938534588366e+00
3.895815342829777705e+00
4.326153927274976496e+00
3.813868285960440474e+00
4.226745825262123724e+00
3.863639493878633147e+00
3.921864573910756935e+00
4.296838250349681587e+00
3.747086335737219720e+00
3.786011501650952571e+00
4.121404989994885248e+00
3.766006864493130379e+00
3.903113481420640518e+00
4.211709811459948050e+00
3.989505663162058013e+00
3.760781501556380579e+00
3.911781549909318478e+00
4.044627138057040661e+00
4.101560875380246607e+00
3.743562012736820765e+00
3.932514602537121817e+00
3.961382303949235073e+00
3.991662815971797507e+00
3.920780206364026466e+00
3.922497022633447017e+00
3.751552444986866242e+00
3.669773822712822930e+00
3.758221159816896417e+00
4.135456632829319190e+00
3.834446523562227149e+00
3.921004225020257472e+00
4.307898943147251636e+00
3.546377650138113236e+00
3.995954775325558650e+00
4.014968619918536596e+00
4.238061950924135068e+00
3.822968707250613551e+00
4.193102732840451985e+00
3.892075986657907105e+00
4.100049029193691297e+00
4.118632900615955883e+00
3.829721311330158251e+00
4.070009758752634710e+00
4.010292863887666037e+00
3.747837510044247811e+00
4.340441927597874283e+00
4.015924172835311445e+00
4.174850434952416478e+00
4.047748798256464831e+00
4.232351258627822688e+00
4.061447225361138003e+00
4.154406758897541074e+00
4.245865270796976176e+00
3.960132630060539505e+00
3.871331235243881785e+00
4.437063796235754864e+00
4.159383418483057149e+00
4.088135836993910921e+00
3.711757899895091750e+00
3.998088217538384725e+00
3.956036684125200154e+00
3.978460434428820580e+00
4.084775587808328723e+00
3.832377834284079299e+00
4.199815381665942482e+00
3.940136805252850039e+00
3.980007878885104322e+00
4.244957839238676200e+00
3.895965580995743416e+00
3.794831952362233363e+00
3.686800078220615617e+00
4.321538020524986479e+00
3.969236753868396583e+00
4.408266878106338993e+00
3.961639417322546652e+00
3.780965274584146663e+00
3.817020870794649134e+00
3.766751841794019562e+00
4.231742114633252783e+00
4.123572689875478758e+00
4.304118425883742383e+00
3.983924384576629674e+00
4.052184397673227245e+00
3.747552953865297187e+00
4.298432179681711318e+00
4.088366209259127082e+00
3.847396183775119827e+00
3.845550110660880261e+00
4.166164184720030583e+00
4.176035299627529618e+00
4.082683011664792971e+00
4.247053198868222523e+00
3.870500343408330934e+00
4.217189524803533374e+00
3.719329294217469162e+00
4.396626745026832594e+00
4.271279084513928126e+00
4.241543944920192821e+00
4.250493235448301377e+00
3.909997606437741080e+00
3.904239664004390598e+00
3.679929834577738923e+00
4.122387393056095917e+00
3.773418795046606267e+00
3.947801726429228442e+00
4.246794982030072774e+00
4.223652427003956156e+00
3.700166867094474732e+00
3.839540069134482092e+00
4.013187732316001011e+00
4.020300233373609977e+00
4.097331979428194160e+00
4.036184965408613046e+00
3.657753871814730662e+00
3.633865419694138676e+00
3.876850523105856094e+00
3.842719181660640082e+00
4.119942231290321999e+00
4.214179206384577547e+00
3.928213690860490104e+00
4.091372417565457553e+00
4.059874830519460076e+00
3.847308738499223502e+00
4.309748927803212837e+00
3.844376556124631250e+00
3.802876438194692454e+00
3.734007698255292773e+00
3.898576895217412908e+00
3.649522778323490702e+00
3.562902947089092276e+00
4.215799378033699085e+00
3.991599071916282160e+00
3.965879081425700559e+00
3.885052122564089050e+00
3.955646513470820747e+00
4.012830643552415033e+00
4.084498151316116044e+00
4.328774942393077474e+00
3.958904996946716714e+00
3.832583112721442031e+00
4.533084787915263369e+00
4.117516095409899712e+00
3.978086284614032131e+00
3.699249810995819843e+00
4.125954329731877479e+00
4.038079133516932373e+00
4.063921632326414901e+00
3.831089836240094471e+00
3.439074060362250052e+00
4.042926845766547927e+00
3.905835896875438973e+00
4.162282874083367723e+00
3.789323088770441217e+00
3.888592772452395874e+00
4.112718950275504604e+00
3.925087364024466563e+00
4.075970677743619319e+00
4.363099575228853944e+00
4.009214531982443042e+00
3.797894222519598184e+00
3.784802627365973837e+00
3.897485196499259175e+00
4.035648535099293888e+00
3.693878982377553744e+00
4.147032240196456776e+00
4.032696198560174139e+00
4.394392922640721899e+00
4.190394757082121835e+00
4.025097550704266780e+00
4.333891176484687691e+00
3.923157454639273123e+00
4.287885152945385414e+00
3.922806437953237690e+00
4.292051855582181830e+00
3.911572552958487936e+00
4.251917710048203958e+00
3.989350158348981434e+00
4.132262624947339980e+00
4.320985035756367054e+00
4.196531445723497455e+00
4.300491118424217163e+00
3.920170056093128963e+00
3.818452295558597331e+00
3.898303177651357032e+00
3.944476767003732398e+00
4.366459458311511277e+00
3.672807386710343902e+00
4.105352606119940795e+00
4.250434021195676593e+00
3.925414793739113062e+00
3.769842356139131656e+00
3.927209006271317193e+00
4.001446137108089829e+00
3.955978113478696656e+00
4.039855184336341942e+00
4.033075965676265362e+00
4.114316687668191364e+00
3.976811034161003899e+00
3.910938544123514049e+00
3.906934680787608194e+00
4.361172762328289210e+00
3.847168287920089913e+00
3.983213899373170719e+00
3.910626664077937242e+00
4.012973952535975108e+00
4.019976742773200051e+00
3.997551856574229845e+00
4.207225294370723567e+00
3.716483039749417738e+00
3.901027197329673957e+00
4.364280136219712780e+00
3.721798247632436940e+00
4.042518000351285501e+00
4.136222624289979777e+00
4.012207199509288280e+00
4.044013124032563411e+00
3.957803436872146641e+00
4.083385964201989182e+00
4.443582408108452952e+00
3.735727872733881405e+00
4.271712833393051412e+00
3.863598682627629177e+00
4.146556873674168919e+00
4.057370312175214266e+00
4.133934781114009915e+00
3.976438584136729126e+00
4.153527894203913107e+00
4.325638297456217529e+00
4.078495387827596907e+00
3.935512516663201232e+00
4.087486033373560090e+00
4.126478093111439094e+00
3.934949288127658207e+00
3.878735530736912018e+00
4.123194960293099065e+00
3.877451068025960179e+00
4.693070370748647413e+00
3.788721058863380620e+00
4.146469716852154264e+00
4.167048789557108002e+00
4.023683726126193072e+00
4.138597716906173396e+00
4.083365933782727275e+00
4.623164855362666081e+00
4.013001143113620550e+00
4.073076436601838601e+00
4.160634292029858017e+00
3.942981071916622504e+00
4.180185135593400325e+00
3.980218002454972481e+00
3.882521558157587371e+00
4.160657339921021602e+00
4.340867394626215514e+00
3.886650950977919461e+00
4.265343452454195550e+00
3.509718016362188386e+00
4.374007024201088001e+00
3.635908456966362667e+00
4.003796913653064671e+00
4.102804470438097262e+00
4.405422983174487328e+00
3.960190457210633674e+00
3.875125338569380240e+00
3.946373980951346727e+00
4.201593313337072644e+00
4.159729091231563203e+00
3.817463683606435954e+00
4.004391786266812581e+00
4.149295703638172128e+00
4.127428819063228893e+00
3.932177165817786868e+00
4.194477079655531071e+00
4.194983190088323433e+00
4.090959763946278471e+00
4.190208386928288675e+00
3.766956808481348951e+00
4.453909533649198949e+00
3.695638966858683538e+00
4.122479377750616791e+00
4.075095405297004980e+00
4.113196301973494506e+00
4.131852864541236237e+00
4.060183503131864491e+00
4.212078548619359708e+00
4.147279926466706179e+00
3.605065542307946735e+00
4.202055636182952192e+00
4.039626980291932234e+00
3.825598631611376810e+00
4.253936383696361290e+00
4.083703811250161131e+00
4.136618238885127141e+00
3.785556807498631660e+00
4.288969636619205161e+00
3.928818796101783306e+00
4.228640233394084902e+00
3.934038098241212200e+00
4.093512688149130163e+00
3.878331997444121715e+00
4.055460326543746774e+00
3.659163482009359036e+00
3.706807638930576410e+00
4.002590570894501987e+00
3.938890191370905125e+00
3.803169068278059228e+00
3.461605134571443365e+00
3.631501070679535648e+00
3.931426415223189252e+00
3.986820851299319290e+00
4.302711585902781799e+00
3.890673343633161974e+00
3.919968537239467476e+00
4.086992706367054140e+00
4.175093496713406793e+00
4.415187276307698916e+00
4.105137522161193431e+00
3.843679363498412549e+00
3.801266801408593299e+00
3.970687100519876722e+00
4.085400597811595702e+00
4.211647926690829102e+00
4.157751631967816941e+00
4.012318974574224484e+00
4.005890995384132403e+00
3.972536776831313787e+00
4.087423437606912735e+00
4.250109759822921163e+00
3.948965279745627832e+00
3.988528770657902012e+00
4.114858896801305121e+00
4.399477044486407529e+00
4.125106996346562305e+00
3.760093995534174560e+00
3.964365919038337349e+00
3.997430530543029992e+00
3.926069769350291949e+00
3.811377167795697130e+00
4.063002871755516665e+00
4.039961617820884143e+00
4.073775541495872510e+00
3.901249410395724926e+00
4.484365402776829157e+00
3.827188547707050414e+00
4.102454721150383676e+00
4.236559420742982418e+00
4.222127099974191999e+00
4.145083115192129242e+00
4.057597462633176555e+00
4.000441834870345659e+00
3.693671039811144752e+00
3.988234669564775015e+00
3.995090148298682475e+00
3.455761963322383501e+00
4.059356718306790235e+00
4.427501081575644371e+00
3.898416002681766468e+00
4.244483465232424813e+00
3.857182604245242619e+00
3.665758329692335948e+00
3.873297780506749888e+00
3.857779880791688321e+00
3.933866600851717799e+00
4.244232649063422791e+00
3.962765017769965592e+00
3.971133457626935037e+00
3.885226215750125611e+00
4.047354097631626679e+00
3.680713490284981404e+00
3.777530081095687997e+00
4.197088130159327690e+00
4.500884254976493359e+00
3.884232547978362149e+00
4.075274764921956283e+00
4.072095390052647090e+00
3.766203979214402864e+00
4.016593794896679448e+00
4.017984830320354916e+00
3.827922061263397957e+00
3.922569044775089608e+00
3.763406914680190507e+00
4.084221792068211343e+00
3.960733230329474441e+00
3.962767538853859239e+00
4.208846819004205209e+00
3.887185651551186005e+00
3.935973589975573894e+00
3.998840044332816035e+00
3.875707393355891650e+00
3.965959308409752193e+00
4.331039050721974704e+00
4.290196809361948915e+00
3.991079119618754500e+00
4.219973211321255135e+00
3.787332143594455136e+00
4.259832260489828215e+00
4.378903154886268467e+00
4.159342054136759614e+00
4.030873427159071376e+00
4.042880941689610097e+00
3.719922052610287189e+00
4.382128623982137761e+00
3.765925277126678239e+00
4.109489066530663592e+00
4.038843735293490944e+00
4.008277486136743839e+00
4.252257060594543780e+00
3.864994511759815232e+00
4.447173483676928996e+00
4.185183542052619110e+00
3.838275250321444787e+00
3.891218001349676214e+00
3.942294496477811716e+00
3.920132290651032747e+00
3.980944101079208153e+00
3.700351569187283030e+00
3.858302664257945214e+00
4.273412754834621907e+00
4.058765797786553442e+00
4.017191607229865902e+00
4.026125299014852388e+00
